image_width: 640
image_height: 480
camera_name: narrow_stereo
camera_matrix:
  rows: 3
  cols: 3
  data: [1015.383718, 0.000000, 314.143570, 0.000000, 1059.793411, 203.534623, 0.000000, 0.000000, 1.000000]
distortion_model: plumb_bob
distortion_coefficients:
  rows: 1
  cols: 5
  data: [-2.242654, 5.844432, -0.007337, 0.000004, 0.000000]
rectification_matrix:
  rows: 3
  cols: 3
  data: [1.000000, 0.000000, 0.000000, 0.000000, 1.000000, 0.000000, 0.000000, 0.000000, 1.000000]
projection_matrix:
  rows: 3
  cols: 4
  data: [817.554077, 0.000000, 315.080125, 0.000000, 0.000000, 915.512146, 191.634178, 0.000000, 0.000000, 0.000000, 1.000000, 0.000000]
